RSA: avg = 10.63924192

15.508138179779053
9.905722856521606
5.082702398300171
7.506861448287964
1.7775824069976807
11.652745246887207
6.270681142807007
7.761176824569702
10.69324016571045
7.704817295074463
4.191236972808838
8.810049057006836
22.909754276275635
37.03327965736389
4.492605686187744
4.735007286071777
4.738182067871094
15.117762804031372
22.72608709335327
4.167205572128296

ECDH: avg = 0.456192446

0.44298362731933594
0.44857072830200195
0.4419586658477783
0.45771026611328125
0.46274709701538086
0.398726224899292
0.4103271961212158
0.49207592010498047
0.44796156883239746
0.4391367435455322
0.4151132106781006
0.5001404285430908
0.448347806930542
0.4106736183166504
0.3979330062866211
0.46047401428222656
0.5504364967346191
0.5662539005279541
0.4696686267852783
0.46260976791381836

Pi: avg = 0.159353876

0.24958372116088867
0.1285722255706787
0.10989117622375488
0.26498889923095703
0.1222996711730957
0.2620217800140381
0.13784050941467285
0.12854290008544922
0.16258740425109863
0.14843535423278809
0.25670719146728516
0.09819173812866211
0.12479615211486816
0.1391441822052002
0.13370943069458008
0.09265685081481934
0.25197315216064453
0.10746979713439941
0.1458280086517334
0.12183737754821777
